last-generated=2016-10-03
statistics-initialization=
{
  "numerical Jacobians": "0", 
  "nonlinear": "18"
}
statistics-simulation=
{
  "numerical Jacobians": "0", 
  "nonlinear": " ", 
  "linear": " "
}
err_V3[3]=[0.02600149437785148621, 0.02600149437785148621]
err_V4[1]=[-0.41791459918022155762, -0.41791459918022155762]
err_V4[3]=[-0.46678385138511657715, -0.46678385138511657715]
err_V4[2]=[-0.40890702605247497559, -0.40890702605247497559]
err_V2[3]=[-0.32798853516578674316, -0.32798853516578674316]
err_V2[1]=[0.00415772851556539536, 0.00415772851556539536]
time=[0., 1.]
err_V3[2]=[0.03368476033210754395, 0.03368476033210754395]
err_V2[2]=[-0.33523947000503540039, -0.33523947000503540039]
err_V3[1]=[-0.48655915260314941406, -0.48655915260314941406]
err_Theta4[1]=[-0.00011993505177088082, -0.00011993505177088082]
err_Theta4[3]=[-0.0006718785734847188, -0.0006718785734847188]
err_Theta3[2]=[-0.00007155939965741709, -0.00007155939965741709]
err_Theta4[2]=[0.00105114839971065521, 0.00105114839971065521]
err_Theta3[3]=[-0.0000497929759148974, -0.0000497929759148974]
err_Theta3[1]=[-0.00005342414442566223, -0.00005342414442566223]
err_Theta2[3]=[0.00032330094836652279, 0.00032330094836652279]
err_Theta2[2]=[0.00020013589528389275, 0.00020013589528389275]
err_Theta2[1]=[0.00019728830375242978, 0.00019728830375242978]
