last-generated=2016-10-03
statistics-initialization=
{
  "numerical Jacobians": "0", 
  "nonlinear": "8"
}
statistics-simulation=
{
  "numerical Jacobians": "0", 
  "nonlinear": " ", 
  "linear": " "
}
probe_D_1.V[3]=[12470., 12470.]
probe_D_1.V[2]=[12470., 12470.]
probe_Y_1.V[2]=[7199.5576171875, 7199.5576171875]
probe_D_1.V[1]=[12470., 12470.]
probe_Y_1.V[3]=[7199.5576171875, 7199.5576171875]
probe_Y_1.V[1]=[7199.5576171875, 7199.5576171875]
time=[0., 1.]
probe_2.V[2]=[4160., 4160.]
probe_2.V[3]=[4143.845703125, 4143.845703125]
probe_2.V[1]=[4143.845703125, 4143.845703125]
probe_Y_1.theta[3]=[2.09439516067504882812, 2.09439516067504882812]
probe_Y_1.theta[1]=[0., 0.]
probe_Y_1.theta[2]=[-2.09439516067504882812, -2.09439516067504882812]
probe_D_1.theta[2]=[-1.57079637050628662109, -1.57079637050628662109]
probe_D_1.theta[1]=[0.52359879016876220703, 0.52359879016876220703]
probe_D_1.theta[3]=[2.61799383163452148438, 2.61799383163452148438]
probe_2.theta[1]=[0.52585101127624511719, 0.52585101127624511719]
probe_2.theta[2]=[-1.57079637050628662109, -1.57079637050628662109]
probe_2.theta[3]=[2.615741729736328125, 2.615741729736328125]
