last-generated=2016-10-03
statistics-initialization=
{
  "numerical Jacobians": "0", 
  "nonlinear": "18"
}
statistics-simulation=
{
  "numerical Jacobians": "0", 
  "nonlinear": " ", 
  "linear": " "
}
err_V3[3]=[1324., 1324.]
err_V4[1]=[1263., 1263.]
err_V4[3]=[1404., 1404.]
err_V4[2]=[905., 905.]
err_V2[3]=[49.557857513427734375, 49.557857513427734375]
err_V2[1]=[78.55785369873046875, 78.55785369873046875]
time=[0., 1.]
err_V3[2]=[860., 860.]
err_V2[2]=[52.557857513427734375, 52.557857513427734375]
err_V3[1]=[1197., 1197.]
err_Theta4[1]=[0.05061454698443412781, 0.05061454698443412781]
err_Theta4[3]=[0.0715584978461265564, 0.0715584978461265564]
err_Theta3[2]=[0.06283185631036758423, 0.06283185631036758423]
err_Theta4[2]=[0.0663225129246711731, 0.0663225129246711731]
err_Theta3[3]=[0.06806784123182296753, 0.06806784123182296753]
err_Theta3[1]=[0.04886921867728233337, 0.04886921867728233337]
err_Theta2[3]=[0.00872664619237184525, 0.00872664619237184525]
err_Theta2[2]=[0.00523598771542310715, 0.00523598771542310715]
err_Theta2[1]=[0.0069813169538974762, 0.0069813169538974762]
